TYPE datahaven_all
NAME Andover
REGIONS 1
VERTICES 20
381 150
382 149
384 149
389 156
389 157
388 157
386 160
385 163
384 165
378 166
376 166
374 161
373 160
372 158
373 158
375 157
375 156
375 155
374 149
380 150
TYPE datahaven_all
NAME Ansonia
REGIONS 1
VERTICES 24
248 250
250 248
251 248
251 247
252 247
254 248
255 248
258 248
258 250
258 251
259 252
259 254
259 255
260 256
257 257
256 257
255 257
254 256
253 256
253 255
252 255
251 255
250 253
249 253
TYPE datahaven_all
NAME Ashford
REGIONS 1
VERTICES 29
418 102
421 102
421 103
421 104
422 106
422 107
422 108
422 109
423 111
423 112
423 113
425 114
428 122
428 133
425 133
419 132
418 132
412 132
409 132
409 123
409 121
409 120
409 119
409 117
409 114
409 112
409 106
409 102
413 102
TYPE datahaven_all
NAME Avon
REGIONS 1
VERTICES 38
303 135
304 138
303 138
304 140
304 142
303 142
303 143
304 151
299 151
293 150
290 150
288 149
287 150
286 150
285 149
284 147
283 147
282 146
281 146
281 145
281 144
280 144
281 143
280 141
280 140
281 140
281 139
282 139
282 138
287 138
289 137
290 137
291 137
293 137
295 136
298 136
299 136
300 136
TYPE datahaven_all
NAME Barkhamsted
REGIONS 1
VERTICES 17
275 99
287 99
286 102
286 105
284 111
282 117
278 118
275 118
274 118
268 119
257 120
258 114
259 109
259 107
261 100
267 100
274 99
TYPE datahaven_all
NAME BeaconFalls
REGIONS 1
VERTICES 27
257 222
258 222
259 222
260 222
261 223
261 222
262 224
262 226
262 230
261 234
259 233
255 233
254 235
254 236
253 236
252 237
250 235
251 229
252 225
253 223
254 224
255 224
255 225
256 225
256 224
257 224
257 223
TYPE datahaven_all
NAME Berlin
REGIONS 1
VERTICES 53
317 177
319 177
319 181
319 182
319 183
319 184
318 184
319 184
319 185
319 188
319 189
317 189
316 189
316 191
314 191
312 192
312 195
309 195
307 196
303 196
302 198
301 199
300 201
299 201
298 200
298 199
298 198
298 199
298 197
296 197
296 195
297 194
298 193
299 191
299 189
299 188
300 188
300 187
300 186
299 185
299 184
300 183
299 183
299 182
301 179
304 178
305 178
308 178
309 178
312 178
315 178
316 178
316 177
TYPE datahaven_all
NAME Bethany
REGIONS 1
VERTICES 37
267 221
273 222
274 223
275 223
276 223
276 224
276 225
275 226
274 227
273 229
274 231
275 231
276 232
275 234
276 234
278 236
277 237
275 238
275 239
275 240
273 240
267 241
265 241
261 241
261 240
260 240
259 240
259 239
259 240
258 239
259 233
261 234
262 230
262 226
262 224
266 223
266 222
TYPE datahaven_all
NAME Bethel
REGIONS 1
VERTICES 30
193 232
195 232
197 233
198 233
198 235
199 236
200 239
201 242
201 244
203 249
203 250
201 251
197 252
195 253
191 254
190 254
189 254
188 246
188 245
188 244
188 243
189 243
190 243
190 242
193 239
193 238
194 238
194 237
193 235
193 234
TYPE datahaven_all
NAME Bethlehem
REGIONS 1
VERTICES 18
236 173
237 178
237 179
237 183
238 184
238 185
238 187
232 187
231 187
228 188
221 189
220 186
220 178
219 174
224 174
226 174
231 173
233 173
TYPE datahaven_all
NAME Bloomfield
REGIONS 1
VERTICES 44
310 115
310 116
312 117
314 118
314 122
323 125
323 126
323 128
323 129
324 132
324 134
324 135
324 137
324 140
324 141
323 141
323 139
322 139
321 139
320 139
319 139
318 139
317 139
316 139
314 140
312 140
311 140
309 140
306 140
304 140
303 138
304 138
303 135
306 134
306 133
306 132
306 130
306 127
308 122
309 121
308 120
309 118
309 117
310 116
TYPE datahaven_all
NAME Bolton
REGIONS 1
VERTICES 21
367 140
371 140
373 139
373 142
374 148
374 149
375 155
375 156
375 157
373 158
372 158
370 158
365 159
364 154
364 153
363 148
363 145
363 143
363 142
363 141
366 141
TYPE datahaven_all
NAME Bozrah
REGIONS 1
VERTICES 28
413 192
424 196
424 197
425 198
425 199
424 202
424 203
423 205
423 207
424 208
425 212
424 213
423 213
421 212
419 212
418 211
417 210
416 210
416 211
415 211
414 211
412 211
407 210
408 208
408 207
409 205
409 203
413 194
TYPE datahaven_all
NAME Branford
REGIONS 1
VERTICES 52
305 258
307 259
308 261
313 260
313 261
314 263
314 266
315 266
316 270
316 271
316 272
315 272
314 273
314 272
312 271
311 271
310 271
309 271
308 271
307 271
306 271
305 271
303 272
302 273
301 273
300 274
298 273
296 273
295 273
294 273
293 275
292 276
292 275
293 274
294 273
294 272
293 271
292 271
292 270
292 269
292 268
292 267
292 266
293 265
294 264
295 263
296 263
296 260
297 259
299 258
300 258
303 257
TYPE datahaven_all
NAME Bridgeport
REGIONS 1
VERTICES 57
233 282
234 282
234 281
236 281
238 280
238 281
237 281
237 282
237 283
238 285
238 287
239 288
239 289
238 289
239 290
239 291
239 292
238 292
238 293
237 295
237 297
236 296
236 295
235 295
234 295
233 296
230 297
227 300
225 301
224 300
224 299
224 298
224 297
225 296
226 295
226 294
225 294
226 293
227 291
227 290
227 288
227 287
226 286
225 285
225 284
224 283
222 280
223 280
224 280
225 280
226 280
227 280
228 280
229 280
230 280
231 280
232 281
TYPE datahaven_all
NAME Bridgewater
REGIONS 1
VERTICES 43
204 198
205 202
205 203
206 207
206 209
206 211
206 212
207 213
209 213
208 213
207 216
207 218
208 220
210 221
210 222
207 221
206 221
205 220
203 219
201 218
198 217
198 214
197 213
196 213
196 212
197 211
196 210
195 210
194 210
194 209
193 208
193 207
193 205
193 204
194 204
194 203
195 203
196 203
196 201
196 200
198 199
199 198
201 198
TYPE datahaven_all
NAME Bristol
REGIONS 1
VERTICES 37
267 162
271 162
274 161
276 161
280 160
282 160
285 160
285 161
286 162
286 163
286 164
286 165
286 166
286 167
287 169
287 171
287 173
287 174
288 178
286 178
285 178
284 178
281 179
281 180
280 180
280 179
278 179
276 179
275 179
273 180
272 180
270 180
269 177
269 175
269 173
268 170
268 168
TYPE datahaven_all
NAME Brookfield
REGIONS 1
VERTICES 42
196 210
197 211
196 212
196 213
197 213
198 214
198 217
201 218
203 219
205 220
206 221
206 222
205 223
203 226
201 229
198 233
197 233
195 232
193 232
191 231
190 225
189 223
189 221
188 222
188 221
187 221
188 221
188 222
187 222
186 221
186 220
186 219
186 218
187 218
186 216
187 216
188 215
189 214
191 214
191 213
193 212
195 211
TYPE datahaven_all
NAME Brooklyn
REGIONS 1
VERTICES 42
461 134
463 134
466 134
466 135
466 136
465 137
464 137
465 137
466 137
467 137
468 138
467 139
468 140
469 140
469 141
470 142
469 142
469 143
469 144
469 145
467 145
466 146
465 148
465 149
464 150
464 151
464 152
464 153
464 155
456 153
449 152
445 151
446 145
446 140
450 139
450 136
453 137
453 136
453 135
453 134
456 134
460 134
TYPE datahaven_all
NAME Burlington
REGIONS 1
VERTICES 29
276 139
280 139
281 139
281 140
280 140
280 141
281 143
280 144
281 144
281 145
281 146
282 146
283 147
284 153
284 154
285 158
285 160
282 160
280 160
276 161
274 161
271 162
267 162
266 157
266 153
265 150
264 141
267 141
270 141
TYPE datahaven_all
NAME Canaan
REGIONS 1
VERTICES 31
201 92
202 91
209 92
222 94
222 99
221 101
219 113
217 113
201 112
201 111
202 110
201 108
200 108
200 107
201 106
200 105
199 104
199 102
199 101
200 100
200 99
200 98
199 98
199 97
199 96
200 94
200 93
200 92
200 93
199 92
200 92
TYPE datahaven_all
NAME Canterbury
REGIONS 1
VERTICES 42
464 155
464 157
463 157
462 157
461 157
461 158
460 158
459 159
458 159
457 159
456 160
457 160
456 160
456 161
455 162
455 163
456 164
456 165
456 166
456 167
457 167
457 168
457 170
457 171
458 172
458 173
457 181
454 181
453 180
450 180
446 179
443 178
437 177
439 169
439 168
439 165
439 164
439 158
440 158
445 151
449 152
456 153
TYPE datahaven_all
NAME Canton
REGIONS 1
VERTICES 31
289 111
290 120
290 124
290 132
290 136
290 137
289 137
287 138
282 138
282 139
281 139
280 139
276 139
276 138
277 138
277 135
277 134
278 134
278 133
278 131
277 130
276 131
275 130
275 129
275 128
276 124
277 123
277 121
278 118
282 117
284 111
TYPE datahaven_all
NAME Chaplin
REGIONS 1
VERTICES 15
419 132
425 133
428 133
431 133
432 133
432 138
432 141
431 149
431 152
430 155
428 154
427 154
421 153
420 152
420 146
TYPE datahaven_all
NAME Cheshire
REGIONS 1
VERTICES 57
289 199
290 201
291 202
292 202
292 203
294 203
294 204
294 205
293 205
293 206
292 207
293 207
293 208
293 209
294 210
294 211
294 212
295 213
294 216
293 217
291 219
290 222
289 224
289 225
288 225
287 227
283 225
283 224
282 224
280 224
278 223
276 223
275 223
276 222
276 221
277 219
277 217
277 215
278 215
279 214
279 212
278 212
278 211
277 210
276 209
276 208
275 208
272 207
272 206
273 205
274 203
274 202
275 201
275 200
277 200
284 199
288 199
TYPE datahaven_all
NAME Chester
REGIONS 1
VERTICES 22
367 230
368 231
369 232
370 233
371 235
371 236
371 237
371 238
370 238
369 238
369 239
368 240
366 241
365 242
366 243
362 243
359 243
353 244
353 241
351 233
353 232
357 232
TYPE datahaven_all
NAME Clinton
REGIONS 1
VERTICES 32
356 253
358 261
359 265
360 269
360 270
358 271
357 272
354 272
354 271
352 271
352 272
351 273
349 272
349 271
349 270
350 269
349 268
349 267
348 267
347 267
347 266
346 265
345 263
344 263
344 262
342 261
342 260
344 259
347 257
349 256
352 254
353 253
TYPE datahaven_all
NAME Colchester
REGIONS 1
VERTICES 44
390 185
392 187
396 190
396 191
401 196
403 198
404 199
407 203
409 205
395 209
392 209
390 210
390 206
388 206
386 206
385 206
384 206
383 207
381 207
370 208
369 205
368 204
368 203
367 202
367 201
365 196
364 194
373 192
373 191
374 189
375 190
376 191
377 192
379 192
379 191
380 191
380 189
381 189
381 190
383 190
384 190
385 190
386 190
389 188
TYPE datahaven_all
NAME Colebrook
REGIONS 1
VERTICES 9
257 82
265 83
263 92
261 100
255 101
245 102
239 102
241 95
244 82
TYPE datahaven_all
NAME Columbia
REGIONS 1
VERTICES 42
389 156
389 157
391 158
392 158
393 158
394 159
395 159
396 159
399 160
401 161
401 160
402 160
403 160
404 160
404 161
405 162
404 163
404 164
403 165
401 166
401 167
400 168
400 167
399 167
399 168
400 170
400 171
400 172
398 172
397 174
396 174
396 175
395 175
394 177
388 179
386 173
385 168
384 165
385 163
386 160
388 157
389 157
TYPE datahaven_all
NAME Cornwall
REGIONS 1
VERTICES 36
201 112
217 113
219 113
215 130
213 139
213 140
212 145
212 146
196 146
191 146
192 144
193 143
194 142
195 140
195 139
196 139
198 138
199 137
199 136
199 135
198 135
197 134
197 133
198 132
199 130
199 129
198 129
199 126
200 125
201 124
200 123
200 122
200 121
200 120
201 120
202 119
TYPE datahaven_all
NAME Coventry
REGIONS 1
VERTICES 51
389 132
392 132
393 133
392 135
392 138
391 139
391 140
393 140
393 141
392 141
392 142
393 142
394 142
396 142
398 145
398 146
400 150
400 153
400 154
400 155
401 155
401 156
401 157
401 158
402 158
403 159
404 160
403 160
402 160
401 160
401 161
399 160
396 159
395 159
394 159
393 158
392 158
391 158
389 157
389 156
384 149
382 149
381 150
380 150
374 149
374 148
373 142
373 139
372 135
380 134
388 133
TYPE datahaven_all
NAME Cromwell
REGIONS 1
VERTICES 42
335 180
334 182
334 183
335 185
336 186
336 187
336 188
335 189
334 190
333 191
332 193
331 194
331 195
331 196
330 196
329 196
329 195
328 194
327 194
327 193
327 192
326 191
327 190
326 190
325 190
324 189
323 189
322 189
322 190
320 189
319 189
319 188
319 185
319 184
318 184
319 184
319 183
323 182
326 182
331 181
333 180
334 180
TYPE datahaven_all
NAME Danbury
REGIONS 1
VERTICES 40
189 223
190 225
191 231
193 232
193 234
193 235
194 237
194 238
193 238
193 239
190 242
190 243
189 243
188 243
188 244
188 245
188 246
189 254
186 255
181 256
181 255
180 254
180 253
178 249
175 247
175 244
168 244
168 241
168 237
169 230
169 229
169 228
170 228
172 228
175 227
177 226
180 225
183 225
185 224
187 224
TYPE datahaven_all
NAME Darien
REGIONS 1
VERTICES 37
177 307
178 308
180 307
184 313
184 314
185 314
185 315
185 316
186 317
185 318
186 318
186 319
185 321
184 322
183 322
182 322
182 323
180 326
178 324
177 324
176 324
175 322
175 321
174 320
174 318
173 317
173 316
173 315
173 314
173 313
173 312
174 311
174 310
174 309
175 309
175 308
176 308
TYPE datahaven_all
NAME DeepRiver
REGIONS 1
VERTICES 29
371 238
371 239
372 241
373 241
376 241
378 242
379 242
379 243
377 244
374 244
374 245
372 247
371 247
368 249
363 252
363 254
362 254
358 251
355 251
353 244
359 243
362 243
366 243
365 242
366 241
368 240
369 239
369 238
370 238
TYPE datahaven_all
NAME Derby
REGIONS 1
VERTICES 29
248 250
249 253
250 253
251 255
252 255
253 255
253 256
254 256
255 257
256 257
257 257
260 256
259 258
259 259
258 260
257 260
256 260
255 261
254 262
253 261
252 260
252 259
251 259
250 258
249 257
246 255
244 253
244 252
245 251
TYPE datahaven_all
NAME Durham
REGIONS 1
VERTICES 22
333 214
334 218
333 223
334 224
336 226
338 228
337 228
330 229
325 230
323 230
318 232
313 233
314 229
315 221
315 218
316 217
317 217
322 216
323 216
325 215
326 215
331 214
TYPE datahaven_all
NAME EastGranby
REGIONS 1
VERTICES 29
321 104
321 105
324 105
323 109
322 111
321 111
319 110
317 110
316 113
314 118
312 117
310 116
310 115
311 115
310 114
309 113
309 112
308 112
306 112
307 107
308 103
308 102
309 98
310 96
318 98
320 98
320 99
318 104
320 104
TYPE datahaven_all
NAME EastHaddam
REGIONS 1
VERTICES 53
386 206
388 206
390 206
390 210
390 211
391 219
392 219
393 230
392 230
379 232
378 232
376 232
375 232
374 232
371 233
370 233
369 232
368 231
367 230
366 230
366 229
365 227
364 226
364 223
364 222
363 222
363 221
362 220
362 219
362 218
362 217
361 217
360 216
360 214
360 213
361 213
361 211
361 210
361 209
362 208
363 207
364 206
365 205
365 204
365 205
366 206
367 209
368 208
370 208
381 207
383 207
384 206
385 206
TYPE datahaven_all
NAME EastHampton
REGIONS 1
VERTICES 48
352 179
354 179
357 178
361 188
362 191
364 194
365 196
367 201
367 202
368 203
368 204
369 205
370 208
368 208
367 209
366 206
365 205
365 204
365 205
364 206
363 207
362 208
361 209
360 210
358 210
348 211
348 210
348 208
348 207
348 206
349 205
348 204
348 203
348 202
347 201
346 200
347 199
347 198
347 197
347 195
348 194
349 192
350 191
350 190
350 188
350 186
352 186
350 179
TYPE datahaven_all
NAME EastHartford
REGIONS 1
VERTICES 33
335 141
336 141
337 141
343 141
343 143
343 145
343 146
343 147
344 149
344 151
344 155
345 157
344 157
339 158
337 159
335 159
333 159
331 159
332 157
332 156
332 155
331 154
331 153
330 152
329 152
328 151
328 149
328 148
329 147
330 146
331 144
331 143
331 142
TYPE datahaven_all
NAME EastHaven
REGIONS 1
VERTICES 49
299 247
300 247
300 253
299 256
299 258
297 259
296 260
296 263
295 263
294 264
293 265
292 266
292 267
292 268
292 269
292 270
292 271
293 271
294 272
294 273
293 274
292 275
292 276
289 276
288 277
286 276
285 276
285 275
287 275
287 274
287 269
287 268
287 267
287 266
288 265
288 264
289 263
290 261
290 260
291 258
291 257
291 256
292 255
292 254
295 253
298 252
298 250
298 249
299 248
TYPE datahaven_all
NAME EastLyme
REGIONS 1
VERTICES 44
405 228
409 235
409 236
414 244
414 245
414 246
414 248
414 249
415 251
414 251
415 252
416 252
416 254
416 256
417 257
416 257
415 257
414 257
412 259
412 263
410 265
408 263
406 263
404 263
404 262
403 260
402 260
402 258
402 257
402 256
402 255
401 254
400 253
400 252
399 249
398 247
398 244
398 242
397 237
398 236
398 235
398 233
398 232
398 229
TYPE datahaven_all
NAME EastWindsor
REGIONS 1
VERTICES 29
355 105
355 107
355 109
355 112
355 117
355 118
355 123
355 124
350 124
349 124
345 124
342 124
339 124
337 124
336 124
336 121
336 118
336 117
336 115
335 112
335 109
335 108
339 108
344 107
347 107
349 106
353 106
354 106
355 106
TYPE datahaven_all
NAME Eastford
REGIONS 1
VERTICES 27
426 102
431 102
431 112
431 113
439 113
441 113
441 124
441 126
441 128
441 129
441 132
441 133
432 133
431 133
428 133
428 122
425 114
423 113
423 112
423 111
422 109
422 108
422 107
422 106
421 104
421 103
421 102
TYPE datahaven_all
NAME Easton
REGIONS 1
VERTICES 49
208 257
211 255
217 258
217 260
217 261
217 262
216 262
216 263
217 264
217 265
217 267
217 268
220 272
222 274
222 275
223 276
224 277
224 278
223 278
222 279
221 279
221 280
220 282
219 283
219 284
219 283
216 279
215 280
215 281
214 281
214 282
212 284
209 284
207 284
207 283
207 282
208 282
208 281
207 280
206 279
206 278
205 276
201 270
200 269
204 266
207 265
211 263
210 261
208 259
TYPE datahaven_all
NAME Ellington
REGIONS 1
VERTICES 38
375 102
375 106
378 106
388 106
393 107
393 108
393 109
388 110
380 111
378 112
374 112
371 113
370 113
371 118
371 119
371 123
369 123
367 123
364 124
361 125
360 125
359 125
358 126
355 127
354 127
355 124
355 123
355 118
355 117
355 112
355 109
355 107
355 105
357 105
359 105
365 104
367 104
370 103
TYPE datahaven_all
NAME Enfield
REGIONS 1
VERTICES 34
356 84
357 88
357 89
357 90
357 91
358 96
358 97
359 105
357 105
355 105
355 106
354 106
353 106
349 106
347 107
344 107
339 108
335 108
337 106
337 103
337 102
338 101
338 98
339 95
338 92
339 89
338 86
341 86
343 86
344 85
347 84
348 84
353 84
354 84
TYPE datahaven_all
NAME Essex
REGIONS 1
VERTICES 28
379 243
380 244
381 245
380 246
380 249
380 251
380 252
382 252
381 254
379 254
378 255
377 255
375 255
372 256
371 257
371 256
370 256
370 255
367 255
364 255
363 254
363 252
368 249
371 247
372 247
374 245
374 244
377 244
TYPE datahaven_all
NAME Fairfield
REGIONS 1
VERTICES 58
222 280
224 283
225 284
225 285
226 286
227 287
227 288
227 290
227 291
226 293
225 294
226 294
226 295
225 296
224 297
224 298
224 299
224 300
224 301
223 302
222 304
222 305
219 307
218 306
215 304
213 305
212 305
213 305
213 304
213 303
213 302
212 301
212 300
211 298
210 296
209 296
209 295
208 293
205 288
205 287
206 287
206 286
206 285
207 284
209 284
212 284
214 282
214 281
215 281
215 280
216 279
219 283
219 284
219 283
220 282
221 280
221 279
222 279
TYPE datahaven_all
NAME Farmington
REGIONS 1
VERTICES 43
283 147
284 147
285 149
286 150
287 150
288 149
290 150
293 150
299 151
304 151
304 154
306 154
307 154
307 158
309 156
310 157
310 159
310 161
310 162
307 162
306 162
305 164
304 164
304 165
303 165
300 168
297 168
295 167
294 167
293 167
292 167
291 166
289 166
286 166
286 165
286 164
286 163
286 162
285 161
285 160
285 158
284 154
284 153
TYPE datahaven_all
NAME Franklin
REGIONS 1
VERTICES 13
420 176
421 174
422 174
426 175
427 175
430 190
426 199
424 197
424 196
413 192
414 191
418 181
419 178
TYPE datahaven_all
NAME Glastonbury
REGIONS 1
VERTICES 51
358 155
360 155
364 154
365 159
366 166
366 167
366 168
363 169
362 169
361 170
362 173
361 173
358 175
357 176
357 178
354 179
352 179
350 179
347 180
344 180
334 182
335 180
335 179
335 178
334 175
334 174
335 173
337 172
338 172
338 170
337 168
334 168
333 168
333 167
333 166
335 165
336 165
337 164
336 162
332 162
331 160
333 159
335 159
337 159
339 158
344 157
345 157
349 157
352 156
353 156
355 156
TYPE datahaven_all
NAME Goshen
REGIONS 1
VERTICES 13
219 113
237 113
236 116
236 118
232 134
230 143
229 144
226 144
212 146
212 145
213 140
213 139
215 130
TYPE datahaven_all
NAME Granby
REGIONS 1
VERTICES 29
292 83
295 83
301 83
300 93
304 92
306 92
308 92
307 95
310 96
309 98
308 102
308 103
307 107
306 112
305 112
304 112
300 112
299 112
293 112
289 111
284 111
286 105
286 102
287 99
287 98
289 93
290 90
290 88
291 85
TYPE datahaven_all
NAME Greenwich
REGIONS 1
VERTICES 52
150 301
151 300
153 303
154 304
155 307
156 309
158 311
158 312
162 318
163 320
163 321
164 322
164 324
164 326
165 327
166 328
166 329
164 331
164 332
163 333
163 335
160 335
160 333
158 331
157 332
154 333
150 335
148 336
147 339
147 338
147 337
147 335
147 334
147 333
148 332
147 332
146 330
145 329
145 328
144 328
144 326
143 325
142 323
141 322
140 321
136 314
135 313
134 311
140 307
142 306
145 304
147 303
TYPE datahaven_all
NAME Griswold
REGIONS 1
VERTICES 32
470 180
470 182
470 184
472 195
472 196
474 210
466 209
460 201
457 198
451 198
451 196
451 195
452 193
451 193
451 192
452 191
451 191
452 190
451 189
451 188
451 187
452 186
452 185
453 184
453 183
453 182
453 180
454 181
457 181
458 181
460 181
465 180
TYPE datahaven_all
NAME Groton
REGIONS 1
VERTICES 44
431 238
432 238
434 238
441 238
442 238
447 239
456 239
456 240
456 241
456 242
455 243
455 244
455 245
455 246
455 248
454 249
454 251
454 252
453 253
453 254
453 255
452 255
451 258
449 258
448 258
446 258
445 258
445 259
439 258
435 258
434 258
434 256
433 253
433 251
433 250
433 249
433 247
432 246
432 244
432 243
432 242
432 241
432 240
431 239
TYPE datahaven_all
NAME Guilford
REGIONS 1
VERTICES 64
325 230
325 243
325 245
325 248
325 249
326 250
326 251
327 253
329 255
331 257
332 257
333 259
334 260
334 261
333 261
333 262
333 263
331 265
331 266
331 267
331 268
330 269
329 270
330 271
328 270
327 270
326 271
324 273
324 274
323 276
322 276
321 276
320 276
319 276
319 275
319 274
317 273
315 274
314 273
315 272
316 272
316 271
316 270
315 266
314 266
314 263
313 261
313 260
314 257
314 254
313 252
313 251
313 245
313 243
312 239
313 239
314 238
314 237
315 235
316 234
317 234
317 233
318 232
323 230
TYPE datahaven_all
NAME Haddam
REGIONS 1
VERTICES 38
348 211
358 210
360 210
361 209
361 210
361 211
361 213
360 213
360 214
360 216
361 217
362 217
362 218
362 219
362 220
363 221
363 222
364 222
364 223
364 226
365 227
366 229
366 230
367 230
357 232
353 232
351 233
349 234
345 235
339 229
338 228
336 226
334 224
333 223
334 218
333 214
342 213
343 212
TYPE datahaven_all
NAME Hamden
REGIONS 1
VERTICES 86
282 224
283 224
283 225
287 227
289 228
294 230
293 231
292 232
291 232
290 232
289 232
288 233
288 236
287 236
288 236
288 237
287 239
287 240
286 241
286 242
286 243
284 244
284 245
284 247
285 247
286 247
287 247
287 248
288 248
288 249
288 250
289 250
290 250
290 251
289 251
288 251
289 252
288 252
287 253
287 254
287 255
286 255
286 256
285 256
284 256
283 255
281 254
280 254
279 254
278 254
277 254
275 254
275 253
276 252
276 251
275 251
275 250
274 250
274 251
273 251
273 252
273 251
272 251
271 250
271 248
271 247
273 244
274 241
275 240
275 239
275 238
277 237
278 236
276 234
275 234
276 232
275 231
274 231
273 229
274 227
275 226
276 225
276 224
276 223
278 223
280 224
TYPE datahaven_all
NAME Hampton
REGIONS 1
VERTICES 16
432 133
441 133
443 133
445 134
446 138
446 140
446 145
445 151
440 158
439 158
434 157
430 155
431 152
431 149
432 141
432 138
TYPE datahaven_all
NAME Hartford
REGIONS 1
VERTICES 60
323 139
323 141
324 141
324 140
328 139
329 139
329 140
328 140
328 141
329 141
329 140
330 140
331 140
331 142
331 143
331 144
330 146
329 147
328 148
328 149
328 151
329 152
330 152
331 153
331 154
332 155
332 156
332 157
331 159
329 158
327 158
327 159
326 159
325 159
324 159
323 159
322 159
320 159
319 160
319 159
319 158
319 157
319 156
319 155
319 154
319 153
319 152
319 151
319 150
319 149
318 149
318 148
319 147
319 144
319 143
318 139
319 139
320 139
321 139
322 139
TYPE datahaven_all
NAME Hartland
REGIONS 1
VERTICES 16
265 83
267 83
275 83
281 83
292 83
291 85
290 88
290 90
289 93
287 98
287 99
275 99
274 99
267 100
261 100
263 92
TYPE datahaven_all
NAME Harwinton
REGIONS 1
VERTICES 41
252 141
253 141
255 141
256 141
258 141
260 141
261 141
263 141
264 141
265 150
266 153
266 157
267 162
260 163
257 163
256 163
255 164
254 164
254 163
253 162
252 161
251 161
249 159
248 158
248 157
247 156
246 156
246 155
246 154
246 153
246 152
246 150
246 149
246 148
245 148
245 147
245 146
246 145
247 143
248 142
248 141
TYPE datahaven_all
NAME Hebron
REGIONS 1
VERTICES 40
372 158
373 160
374 161
376 166
378 166
384 165
385 168
386 173
388 179
389 183
390 185
389 188
386 190
385 190
384 190
383 190
381 190
381 189
380 189
380 191
379 191
379 192
377 192
376 191
375 190
374 189
374 188
374 184
375 184
374 182
373 181
373 180
372 178
371 175
367 172
366 168
366 167
366 166
365 159
370 158
TYPE datahaven_all
NAME Kent
REGIONS 1
VERTICES 27
174 143
178 143
179 143
192 144
191 146
196 146
195 151
194 152
194 155
194 156
194 157
197 163
198 166
197 166
197 169
187 171
186 171
184 172
175 173
174 174
173 174
172 173
173 168
173 167
173 166
174 155
174 151
TYPE datahaven_all
NAME Killingly
REGIONS 1
VERTICES 49
467 121
468 121
473 120
481 117
486 115
486 128
486 129
486 131
486 134
487 139
487 147
478 149
472 150
467 150
464 151
464 150
465 149
465 148
466 146
467 145
469 145
469 144
469 143
469 142
470 142
469 141
469 140
468 140
467 139
468 138
467 137
466 137
465 137
464 137
465 137
466 136
466 135
466 134
466 133
465 132
464 130
463 130
463 129
462 129
462 128
462 127
463 126
464 124
465 124
TYPE datahaven_all
NAME Killingworth
REGIONS 1
VERTICES 53
338 228
339 229
345 235
349 234
351 233
353 241
353 244
355 251
356 253
353 253
352 254
349 256
347 257
344 259
342 260
342 259
342 258
342 257
341 257
340 256
339 256
338 256
337 256
337 255
337 254
337 253
337 252
338 252
337 250
337 249
337 248
337 247
338 247
338 246
338 245
337 244
337 243
337 242
336 241
336 240
335 239
334 238
334 236
334 235
333 235
331 234
330 234
331 233
332 231
331 230
330 230
330 229
337 228
TYPE datahaven_all
NAME Lebanon
REGIONS 1
VERTICES 42
405 162
409 166
410 166
410 167
413 169
415 171
420 176
419 178
418 181
414 191
413 192
413 194
409 203
409 205
407 203
404 199
403 198
401 196
396 191
396 190
392 187
390 185
389 183
388 179
394 177
395 175
396 175
396 174
397 174
398 172
400 172
400 171
400 170
399 168
399 167
400 167
400 168
401 167
401 166
403 165
404 164
404 163
TYPE datahaven_all
NAME Ledyard
REGIONS 1
VERTICES 52
457 217
458 221
458 224
458 225
458 226
459 228
459 229
459 230
459 231
459 232
458 232
458 233
457 234
457 235
456 235
456 236
455 236
455 237
456 238
456 239
447 239
442 238
441 238
434 238
432 238
431 238
431 236
432 236
432 235
431 232
431 231
432 230
432 229
433 229
433 227
434 227
435 225
436 224
436 223
437 222
438 221
438 219
439 218
440 218
441 218
442 218
443 218
444 218
445 218
447 218
453 217
454 217
TYPE datahaven_all
NAME Lisbon
REGIONS 1
VERTICES 51
443 178
446 179
450 180
453 180
453 182
453 183
453 184
452 185
452 186
451 187
451 188
451 189
452 190
451 191
452 191
451 192
451 193
452 193
451 195
451 196
451 198
450 198
449 198
448 198
448 197
447 197
446 200
445 201
444 201
443 201
442 201
441 201
440 200
441 200
441 199
441 198
440 197
441 196
441 195
441 194
440 193
440 191
441 190
441 189
442 188
442 187
442 186
442 185
441 183
443 181
443 179
TYPE datahaven_all
NAME Litchfield
REGIONS 1
VERTICES 58
234 143
235 143
237 143
238 145
239 145
243 146
245 147
245 148
246 148
246 149
246 150
246 152
246 153
246 154
246 155
246 156
247 156
248 157
248 158
249 159
251 161
252 161
253 162
254 163
254 164
251 166
248 168
247 168
247 169
246 169
242 172
241 172
239 163
238 162
237 162
232 162
230 163
226 163
217 163
216 163
217 167
214 164
213 163
213 162
213 161
213 160
213 159
213 158
213 157
213 156
213 150
213 149
213 148
212 146
226 144
229 144
230 143
231 143
TYPE datahaven_all
NAME Lyme
REGIONS 1
VERTICES 46
393 230
397 229
398 229
398 232
398 233
398 235
398 236
397 237
398 242
398 244
398 247
395 247
394 248
393 248
389 249
388 249
387 250
384 250
384 251
383 252
382 252
380 252
380 251
380 249
380 246
381 245
380 244
379 243
379 242
378 242
376 241
373 241
372 241
371 239
371 238
371 237
371 236
371 235
370 233
371 233
374 232
375 232
376 232
378 232
379 232
392 230
TYPE datahaven_all
NAME Madison
REGIONS 1
VERTICES 87
330 229
330 230
331 230
332 231
331 233
330 234
331 234
333 235
334 235
334 236
334 238
335 239
336 240
336 241
337 242
337 243
337 244
338 245
338 246
338 247
337 247
337 248
337 249
337 250
338 252
337 252
337 253
337 254
337 255
337 256
338 256
339 256
340 256
341 257
342 257
342 258
342 259
342 260
342 261
344 262
344 263
345 263
346 265
347 266
347 267
348 267
349 267
349 268
350 269
349 270
349 271
349 272
351 273
349 275
345 270
343 270
343 269
342 270
340 270
336 269
336 270
334 270
332 271
330 271
329 270
330 269
331 268
331 267
331 266
331 265
333 263
333 262
333 261
334 261
334 260
333 259
332 257
331 257
329 255
327 253
326 251
326 250
325 249
325 248
325 245
325 243
325 230
TYPE datahaven_all
NAME Manchester
REGIONS 1
VERTICES 32
360 138
362 138
363 141
363 142
363 143
363 145
363 148
364 153
364 154
360 155
358 155
355 156
353 156
352 156
349 157
345 157
344 155
344 151
344 149
343 147
343 146
343 145
343 143
343 141
343 140
348 139
353 137
357 136
357 137
356 139
357 139
358 138
TYPE datahaven_all
NAME Mansfield
REGIONS 1
VERTICES 55
392 132
399 132
400 132
402 132
409 132
412 132
418 132
419 132
420 146
420 152
420 153
419 153
418 153
418 154
417 153
416 152
415 152
415 153
414 153
414 154
414 155
413 156
413 157
414 157
414 158
413 158
413 159
411 159
409 159
407 159
404 159
403 159
402 158
401 158
401 157
401 156
401 155
400 155
400 154
400 153
400 150
398 146
398 145
396 142
394 142
393 142
392 142
392 141
393 141
393 140
391 140
391 139
392 138
392 135
393 133
TYPE datahaven_all
NAME Marlborough
REGIONS 1
VERTICES 24
357 178
357 176
358 175
361 173
362 173
361 170
362 169
363 169
366 168
367 172
371 175
372 178
373 180
373 181
374 182
375 184
374 184
374 188
374 189
373 191
373 192
364 194
362 191
361 188
TYPE datahaven_all
NAME Meriden
REGIONS 1
VERTICES 42
312 195
312 199
312 200
312 203
313 207
313 215
310 215
309 215
308 215
307 215
304 213
303 213
300 212
299 212
298 211
296 211
294 210
293 209
293 208
293 207
292 207
293 206
293 205
294 205
294 204
294 203
295 203
295 201
294 198
296 197
298 197
298 199
298 198
298 199
298 200
299 201
300 201
301 199
302 198
303 196
307 196
309 195
TYPE datahaven_all
NAME Middlebury
REGIONS 1
VERTICES 30
245 199
249 197
250 197
250 201
251 204
251 205
252 206
253 208
254 211
252 211
249 211
249 212
249 214
249 215
248 215
248 217
244 217
238 217
238 215
237 215
238 214
238 213
238 211
238 210
238 208
238 206
237 203
237 200
240 200
243 199
TYPE datahaven_all
NAME Middlefield
REGIONS 1
VERTICES 23
322 202
323 203
323 204
324 205
325 207
325 208
325 211
325 212
326 215
325 215
323 216
322 216
317 217
316 217
315 218
313 218
313 215
313 207
312 203
315 203
317 202
319 202
321 202
TYPE datahaven_all
NAME Middletown
REGIONS 1
VERTICES 67
317 189
319 189
320 189
322 190
322 189
323 189
324 189
325 190
326 190
327 190
326 191
327 192
327 193
327 194
328 194
329 195
329 196
330 196
331 196
331 197
331 198
332 199
333 199
335 199
336 199
337 199
338 199
339 199
340 200
342 200
344 200
346 201
347 201
348 202
348 203
348 204
349 205
348 206
348 207
348 208
348 210
348 211
343 212
342 213
333 214
331 214
326 215
325 212
325 211
325 208
325 207
324 205
323 204
323 203
322 202
321 202
319 202
317 202
315 203
312 203
312 200
312 199
312 195
312 192
314 191
316 191
316 189
TYPE datahaven_all
NAME Milford
REGIONS 1
VERTICES 54
251 268
255 271
257 272
259 273
261 274
263 275
266 275
267 276
268 276
268 277
268 278
268 279
269 278
270 278
269 279
268 280
267 281
267 282
266 283
265 284
264 285
264 286
263 286
263 285
260 285
258 284
257 285
256 285
253 288
252 288
252 289
251 290
250 291
248 294
247 294
246 294
245 293
245 292
245 290
246 289
247 287
247 286
247 285
247 283
247 282
247 281
247 280
248 278
248 277
250 276
251 274
251 272
251 271
251 269
TYPE datahaven_all
NAME Monroe
REGIONS 1
VERTICES 49
233 241
233 240
235 242
236 242
237 242
238 242
238 243
238 244
238 245
236 249
235 252
235 253
235 254
234 254
232 258
232 259
231 260
229 263
226 263
225 263
224 263
221 264
220 264
219 264
217 264
216 263
216 262
217 262
217 261
217 260
217 258
211 255
213 253
214 253
218 250
219 249
223 247
225 245
225 246
225 247
227 247
228 246
230 245
230 244
230 243
231 243
231 242
231 241
232 241
TYPE datahaven_all
NAME Montville
REGIONS 1
VERTICES 51
407 210
412 211
414 211
415 211
416 211
416 210
417 210
418 211
419 212
421 212
423 213
424 213
425 213
426 214
428 214
429 213
429 214
430 215
431 215
432 215
434 216
434 217
435 218
435 219
435 220
436 222
436 223
436 224
435 225
434 227
433 227
433 229
432 229
432 230
431 231
431 232
429 232
427 232
425 233
421 233
418 234
412 235
409 236
409 235
405 228
408 227
408 225
410 225
409 219
409 214
408 211
TYPE datahaven_all
NAME Morris
REGIONS 1
VERTICES 18
238 162
239 163
241 172
236 173
233 173
231 173
226 174
224 174
219 174
219 172
219 169
217 167
216 163
217 163
226 163
230 163
232 162
237 162
TYPE datahaven_all
NAME Naugatuck
REGIONS 1
VERTICES 38
263 209
265 215
265 218
266 220
266 221
267 221
266 222
266 223
262 224
261 222
261 223
260 222
259 222
258 222
257 222
257 223
257 224
256 224
256 225
255 225
255 224
254 224
253 223
249 220
248 219
248 217
248 215
249 215
249 214
249 212
249 211
252 211
254 211
255 211
256 211
257 210
258 210
262 210
TYPE datahaven_all
NAME NewBritain
REGIONS 1
VERTICES 26
305 164
306 162
307 162
310 162
311 166
311 167
311 168
311 172
312 175
312 177
312 178
309 178
308 178
305 178
304 178
301 179
300 179
299 176
299 173
299 171
299 170
300 169
300 168
303 165
304 165
304 164
TYPE datahaven_all
NAME NewCanaan
REGIONS 1
VERTICES 41
178 284
179 286
181 289
181 290
181 291
181 292
182 293
182 294
182 295
182 296
183 296
184 297
185 297
185 298
185 299
183 302
183 303
183 304
181 306
180 307
178 308
177 307
176 308
175 308
172 308
172 307
172 306
170 300
170 299
170 298
169 298
168 296
168 295
166 293
166 292
167 291
171 288
173 287
174 287
175 286
176 285
TYPE datahaven_all
NAME NewFairfield
REGIONS 1
VERTICES 42
185 206
186 208
186 209
186 211
186 212
186 215
186 216
187 218
186 218
186 219
186 220
186 221
187 222
188 222
188 221
187 221
188 221
188 222
189 221
189 223
187 224
185 224
183 225
180 225
177 226
175 227
172 228
170 228
169 228
169 226
169 225
169 224
169 221
169 220
170 219
170 214
170 209
173 208
178 207
179 207
181 206
182 206
TYPE datahaven_all
NAME NewHartford
REGIONS 1
VERTICES 35
275 118
278 118
277 121
277 123
276 124
275 128
275 129
275 130
276 131
277 130
278 131
278 133
278 134
277 134
277 135
277 138
276 138
276 139
270 141
267 141
264 141
263 141
261 141
260 141
258 141
256 141
255 141
253 141
254 136
254 135
254 134
256 125
257 120
268 119
274 118
TYPE datahaven_all
NAME NewHaven
REGIONS 1
VERTICES 77
273 252
273 251
274 251
274 250
275 250
275 251
276 251
276 252
275 253
275 254
277 254
278 254
279 254
280 254
281 254
283 255
284 256
285 256
286 256
286 255
287 255
288 254
290 254
291 254
292 254
292 255
291 256
291 257
291 258
290 260
290 261
289 263
288 264
288 265
287 266
287 267
287 268
287 269
287 274
287 275
285 275
285 276
284 275
284 274
286 273
286 272
286 271
284 269
284 267
283 267
282 267
281 267
281 269
278 267
278 266
277 265
276 265
276 264
275 264
276 264
276 263
275 262
275 261
275 260
272 260
269 259
267 259
267 257
268 257
269 256
269 255
270 254
270 253
271 253
272 252
272 251
273 251
TYPE datahaven_all
NAME NewLondon
REGIONS 1
VERTICES 34
432 242
432 243
432 244
432 246
433 247
433 249
433 250
433 251
433 253
434 256
434 258
433 258
432 259
431 261
430 261
430 260
430 259
430 258
429 258
430 257
429 257
429 255
428 253
428 252
427 251
427 250
425 249
425 247
426 246
426 245
427 245
427 244
429 243
430 242
TYPE datahaven_all
NAME NewMilford
REGIONS 1
VERTICES 62
197 169
197 172
198 175
198 176
199 176
201 178
202 182
202 184
203 189
203 191
204 198
201 198
199 198
198 199
196 200
196 201
196 203
195 203
194 203
194 204
193 204
193 205
193 207
193 208
194 209
194 210
195 210
196 210
195 211
193 212
191 213
191 214
189 214
188 215
187 216
186 216
186 215
186 212
186 211
186 209
186 208
185 206
184 204
184 203
180 192
180 190
178 186
176 181
176 180
176 179
177 179
179 178
177 177
177 176
177 175
176 175
175 174
174 174
175 173
184 172
186 171
187 171
TYPE datahaven_all
NAME Newington
REGIONS 1
VERTICES 34
320 159
320 161
320 163
320 165
320 166
321 166
320 166
321 168
321 170
321 171
321 172
320 172
320 173
321 177
319 177
317 177
316 177
316 178
315 178
312 178
312 177
312 175
311 172
311 168
311 167
311 166
310 162
310 161
311 161
314 160
315 160
316 160
317 160
319 160
TYPE datahaven_all
NAME Newtown
REGIONS 1
VERTICES 75
206 221
207 221
210 222
211 221
212 221
212 222
212 223
212 225
212 226
213 227
214 227
214 226
215 226
216 226
217 226
218 227
218 228
218 229
218 230
219 230
220 230
221 229
222 229
223 230
223 231
223 232
224 232
225 231
226 231
227 231
228 233
229 233
230 235
231 235
232 236
233 236
233 237
233 238
233 239
233 240
233 241
232 241
231 241
231 242
231 243
230 243
230 244
230 245
228 246
227 247
225 247
225 246
225 245
223 247
219 249
218 250
214 253
213 253
211 255
208 257
206 258
205 255
204 253
203 250
203 249
201 244
201 242
200 239
199 236
198 235
198 233
201 229
203 226
205 223
206 222
TYPE datahaven_all
NAME Norfolk
REGIONS 1
VERTICES 12
225 81
244 82
241 95
239 102
237 113
219 113
221 101
222 99
222 94
223 91
224 82
224 81
TYPE datahaven_all
NAME NorthBranford
REGIONS 1
VERTICES 35
318 232
317 233
317 234
316 234
315 235
314 237
314 238
313 239
312 239
313 243
313 245
313 251
313 252
314 254
314 257
313 260
308 261
307 259
305 258
303 257
300 258
299 258
299 256
300 253
300 247
300 246
300 244
300 238
301 238
303 237
305 237
306 236
307 235
308 235
313 233
TYPE datahaven_all
NAME NorthCanaan
REGIONS 1
VERTICES 17
213 81
224 81
224 82
223 91
222 94
209 92
202 91
201 90
202 89
202 88
203 88
202 86
203 85
203 84
205 81
205 80
207 80
TYPE datahaven_all
NAME NorthHaven
REGIONS 1
VERTICES 60
294 230
294 231
294 232
295 232
296 232
297 232
297 233
298 232
298 233
298 238
298 239
300 238
300 244
300 246
300 247
299 247
299 248
298 249
298 250
298 252
295 253
292 254
291 254
290 254
288 254
287 255
287 254
287 253
288 252
289 252
288 251
289 251
290 251
290 250
289 250
288 250
288 249
288 248
287 248
287 247
286 247
285 247
284 247
284 245
284 244
286 243
286 242
286 241
287 240
287 239
288 237
288 236
287 236
288 236
288 233
289 232
290 232
291 232
292 232
293 231
TYPE datahaven_all
NAME NorthStonington
REGIONS 1
VERTICES 26
466 209
474 210
486 213
486 223
486 234
483 234
482 234
481 234
478 235
478 236
477 236
475 236
472 234
468 233
462 231
459 230
459 229
459 228
458 226
458 225
458 224
458 221
457 217
456 213
455 208
455 207
TYPE datahaven_all
NAME Norwalk
REGIONS 1
VERTICES 43
188 297
190 297
190 296
191 296
195 294
196 294
196 296
196 297
196 299
197 301
197 302
197 303
197 304
197 305
197 307
197 309
197 310
197 312
195 314
194 314
194 315
191 317
191 318
190 319
188 321
185 321
186 319
186 318
185 318
186 317
185 316
185 315
185 314
184 314
184 313
180 307
181 306
183 304
183 303
183 302
185 299
185 298
187 297
TYPE datahaven_all
NAME Norwich
REGIONS 1
VERTICES 49
430 190
437 188
438 188
439 189
440 191
440 193
441 194
441 195
441 196
440 197
441 198
441 199
441 200
440 200
440 202
440 203
440 204
441 204
440 206
441 206
441 207
440 209
439 210
439 211
438 211
436 210
436 215
436 216
435 216
434 216
432 215
431 215
430 215
429 214
429 213
428 214
426 214
425 213
424 213
425 212
424 208
423 207
423 205
424 203
424 202
425 199
425 198
424 197
426 199
TYPE datahaven_all
NAME OldLyme
REGIONS 1
VERTICES 41
398 247
399 249
400 252
400 253
401 254
402 255
402 256
402 257
402 258
402 260
403 260
404 262
404 263
403 263
403 264
403 265
401 267
398 267
391 268
389 268
388 267
387 267
386 267
386 266
385 264
385 263
385 260
386 258
385 257
384 254
383 253
382 252
383 252
384 251
384 250
387 250
388 249
389 249
393 248
394 248
395 247
TYPE datahaven_all
NAME OldSaybrook
REGIONS 1
VERTICES 30
371 257
372 256
375 255
377 255
378 255
379 254
381 254
382 252
383 253
384 254
385 257
386 258
385 260
385 263
385 264
386 266
386 267
387 267
385 268
385 269
385 270
383 271
378 272
377 269
376 268
375 268
373 268
372 267
372 265
370 259
TYPE datahaven_all
NAME Orange
REGIONS 1
VERTICES 41
267 259
269 259
270 262
269 264
269 265
269 266
269 267
270 267
270 268
269 269
268 270
268 271
268 273
268 274
268 276
267 276
266 275
263 275
261 274
259 273
257 272
255 271
251 268
252 267
253 266
254 266
254 265
255 264
255 263
254 262
255 261
256 260
257 260
258 260
259 259
261 259
262 260
263 260
264 260
265 260
267 260
TYPE datahaven_all
NAME Oxford
REGIONS 1
VERTICES 45
248 217
248 219
249 220
253 223
252 225
251 229
250 235
252 237
251 238
250 239
247 239
246 241
246 242
245 242
244 243
240 246
239 246
238 244
238 243
238 242
237 242
236 242
235 242
233 240
233 239
233 238
233 237
233 236
232 236
231 235
230 235
229 233
231 231
232 231
234 229
237 227
237 226
236 226
237 226
237 225
238 223
238 220
238 219
238 217
244 217
TYPE datahaven_all
NAME Plainfield
REGIONS 1
VERTICES 40
464 151
467 150
472 150
478 149
477 161
476 168
475 179
470 180
465 180
460 181
458 181
457 181
458 173
458 172
457 171
457 170
457 168
457 167
456 167
456 166
456 165
456 164
455 163
455 162
456 161
456 160
457 160
456 160
457 159
458 159
459 159
460 158
461 158
461 157
462 157
463 157
464 157
464 155
464 153
464 152
TYPE datahaven_all
NAME Plainville
REGIONS 1
VERTICES 25
286 166
289 166
291 166
292 167
293 167
294 167
295 167
297 168
300 168
300 169
299 170
299 171
299 173
299 176
295 177
293 177
291 177
290 177
290 178
288 178
287 174
287 173
287 171
287 169
286 167
TYPE datahaven_all
NAME Plymouth
REGIONS 1
VERTICES 19
267 162
268 168
268 170
269 173
269 175
269 177
270 180
266 183
263 183
263 186
261 186
260 186
258 187
255 180
255 175
256 172
256 170
257 163
260 163
TYPE datahaven_all
NAME Pomfret
REGIONS 1
VERTICES 46
461 112
461 114
461 115
462 116
462 117
463 119
463 120
462 123
463 123
463 124
464 124
463 126
462 127
462 128
462 129
463 129
463 130
464 130
465 132
466 133
466 134
463 134
461 134
460 134
456 134
453 134
453 135
453 136
453 137
450 136
450 139
446 140
446 138
445 134
443 133
441 133
441 132
441 129
441 128
441 126
441 124
441 113
448 113
450 113
457 113
460 112
TYPE datahaven_all
NAME Portland
REGIONS 1
VERTICES 42
347 180
350 179
352 186
350 186
350 188
350 190
350 191
349 192
348 194
347 195
347 197
347 198
347 199
346 200
347 201
346 201
344 200
342 200
340 200
339 199
338 199
337 199
336 199
335 199
333 199
332 199
331 198
331 197
331 196
331 195
331 194
332 193
333 191
334 190
335 189
336 188
336 187
336 186
335 185
334 183
334 182
344 180
TYPE datahaven_all
NAME Preston
REGIONS 1
VERTICES 55
451 198
457 198
460 201
466 209
455 207
455 208
456 213
457 217
454 217
453 217
447 218
445 218
444 218
443 218
442 218
441 218
440 218
439 218
438 219
438 221
437 222
436 223
436 222
435 220
435 219
435 218
434 217
434 216
435 216
436 216
436 215
436 210
438 211
439 211
439 210
440 209
441 207
441 206
440 206
441 204
440 204
440 203
440 202
440 200
441 201
442 201
443 201
444 201
445 201
446 200
447 197
448 197
448 198
449 198
450 198
TYPE datahaven_all
NAME Prospect
REGIONS 1
VERTICES 29
263 209
266 208
267 208
268 207
270 206
271 206
272 207
275 208
276 208
276 209
277 210
278 211
278 212
279 212
279 214
278 215
277 215
277 217
277 219
276 221
276 222
275 223
274 223
273 222
267 221
266 221
266 220
265 218
265 215
TYPE datahaven_all
NAME Putnam
REGIONS 1
VERTICES 27
461 109
464 109
466 109
468 109
471 109
473 109
476 109
486 109
486 115
481 117
473 120
468 121
467 121
465 124
464 124
463 124
463 123
462 123
463 120
463 119
462 117
462 116
461 115
461 114
461 112
462 112
461 110
TYPE datahaven_all
NAME Redding
REGIONS 1
VERTICES 32
203 250
204 253
205 255
206 258
208 257
208 259
210 261
211 263
207 265
204 266
200 269
199 269
198 270
190 273
188 274
187 271
185 268
185 267
185 266
185 263
184 261
183 260
182 260
182 259
181 256
186 255
189 254
190 254
191 254
195 253
197 252
201 251
TYPE datahaven_all
NAME Ridgefield
REGIONS 1
VERTICES 36
168 244
175 244
175 247
178 249
180 253
180 254
181 255
181 256
182 259
182 260
183 260
184 261
185 263
185 266
185 267
185 268
187 271
185 272
184 273
182 274
181 275
178 276
176 277
175 278
175 277
173 273
172 273
168 267
166 264
167 262
167 261
167 259
167 258
167 256
167 255
168 247
TYPE datahaven_all
NAME RockyHill
REGIONS 1
VERTICES 32
337 168
338 170
338 172
337 172
335 173
334 174
334 175
335 178
335 179
335 180
334 180
333 180
331 181
326 182
323 182
319 183
319 182
319 181
319 177
321 177
320 173
323 172
324 172
325 173
326 173
327 173
327 172
328 171
328 170
329 170
330 169
331 169
TYPE datahaven_all
NAME Roxbury
REGIONS 1
VERTICES 20
203 191
206 191
210 190
216 189
218 189
218 190
219 200
219 201
219 202
220 211
211 213
209 213
207 213
206 212
206 211
206 209
206 207
205 203
205 202
204 198
TYPE datahaven_all
NAME Salem
REGIONS 1
VERTICES 20
409 205
408 207
408 208
407 210
408 211
409 214
409 219
410 225
408 225
408 227
405 228
398 229
397 229
393 230
392 219
391 219
390 211
390 210
392 209
395 209
TYPE datahaven_all
NAME Salisbury
REGIONS 1
VERTICES 45
205 80
205 81
203 84
203 85
202 86
203 88
202 88
202 89
201 90
202 91
201 92
200 92
199 92
200 93
200 92
200 93
200 94
199 96
199 97
199 98
200 98
200 99
200 100
199 101
199 102
199 104
200 105
201 106
200 107
200 108
201 108
202 110
201 111
201 112
196 112
186 111
176 111
176 110
177 104
177 103
177 102
178 92
178 80
188 80
189 80
TYPE datahaven_all
NAME Scotland
REGIONS 1
VERTICES 18
428 154
430 155
434 157
439 158
439 164
439 165
439 168
439 169
437 177
432 176
430 175
429 175
427 175
427 174
427 169
427 166
427 162
427 159
TYPE datahaven_all
NAME Seymour
REGIONS 1
VERTICES 29
252 237
253 236
254 236
254 235
255 233
259 233
258 239
258 243
258 248
255 248
254 248
252 247
251 247
251 248
250 248
248 250
245 251
244 252
244 251
242 250
241 248
240 246
244 243
245 242
246 242
246 241
247 239
250 239
251 238
TYPE datahaven_all
NAME Sharon
REGIONS 1
VERTICES 37
176 111
186 111
196 112
201 112
202 119
201 120
200 120
200 121
200 122
200 123
201 124
200 125
199 126
198 129
199 129
199 130
198 132
197 133
197 134
198 135
199 135
199 136
199 137
198 138
196 139
195 139
195 140
194 142
193 143
192 144
179 143
178 143
174 143
175 135
175 127
176 124
176 118
TYPE datahaven_all
NAME Shelton
REGIONS 1
VERTICES 60
238 244
239 246
240 246
241 248
242 250
244 251
244 252
244 253
246 255
249 257
250 258
251 259
252 259
252 260
253 261
254 262
255 263
255 264
254 265
254 266
253 266
252 267
251 268
251 269
251 271
251 272
251 274
251 273
250 273
249 273
249 272
248 272
248 271
247 271
248 271
247 270
246 271
245 271
244 272
241 273
240 274
240 273
240 272
238 270
237 270
235 270
234 269
233 267
232 266
231 264
229 263
231 260
232 259
232 258
234 254
235 254
235 253
235 252
236 249
238 245
TYPE datahaven_all
NAME Sherman
REGIONS 1
VERTICES 30
172 173
173 174
174 174
175 174
176 175
177 175
177 176
177 177
179 178
177 179
176 179
176 180
176 181
178 186
180 190
180 192
184 203
184 204
185 206
182 206
181 206
179 207
178 207
173 208
170 209
170 207
171 200
171 197
172 185
172 180
TYPE datahaven_all
NAME Simsbury
REGIONS 1
VERTICES 36
306 112
308 112
309 112
309 113
310 114
311 115
310 115
310 116
309 117
309 118
308 120
309 121
308 122
306 127
306 130
306 132
306 133
306 134
303 135
300 136
299 136
298 136
295 136
293 137
291 137
290 137
290 136
290 132
290 124
290 120
289 111
293 112
299 112
300 112
304 112
305 112
TYPE datahaven_all
NAME Somers
REGIONS 1
VERTICES 17
376 84
375 97
375 102
370 103
367 104
365 104
359 105
358 97
358 96
357 91
357 90
357 89
357 88
356 84
362 84
365 84
366 84
TYPE datahaven_all
NAME SouthWindsor
REGIONS 1
VERTICES 30
355 124
354 127
355 127
358 126
358 128
358 129
357 133
357 135
357 136
353 137
348 139
343 140
343 141
337 141
336 141
335 141
331 142
331 140
331 138
332 135
333 134
334 132
335 130
336 124
337 124
339 124
342 124
345 124
349 124
350 124
TYPE datahaven_all
NAME Southbury
REGIONS 1
VERTICES 62
223 211
227 212
228 212
229 212
231 212
233 211
238 211
238 213
238 214
237 215
238 215
238 217
238 219
238 220
238 223
237 225
237 226
236 226
237 226
237 227
234 229
232 231
231 231
229 233
228 233
227 231
226 231
225 231
224 232
223 232
223 231
223 230
222 229
221 229
220 230
219 230
218 230
218 229
218 228
218 227
217 226
216 226
215 226
214 226
214 227
213 227
212 226
212 225
212 223
212 222
212 221
211 221
210 222
210 221
208 220
207 218
207 216
208 213
209 213
211 213
220 211
221 211
TYPE datahaven_all
NAME Southington
REGIONS 1
VERTICES 49
288 178
290 178
290 177
291 177
293 177
295 177
299 176
300 179
301 179
299 182
299 183
300 183
299 184
299 185
300 186
300 187
300 188
299 188
299 189
299 191
298 193
297 194
296 195
296 197
294 198
295 201
295 203
294 203
292 203
292 202
291 202
290 201
289 199
288 199
284 199
277 200
277 197
277 195
279 188
279 187
279 185
278 179
280 179
280 180
281 180
281 179
284 178
285 178
286 178
TYPE datahaven_all
NAME Sprague
REGIONS 1
VERTICES 20
427 175
429 175
430 175
432 176
437 177
443 178
443 179
443 181
441 183
442 185
442 186
442 187
442 188
441 189
441 190
440 191
439 189
438 188
437 188
430 190
TYPE datahaven_all
NAME Stafford
REGIONS 1
VERTICES 23
411 84
410 92
408 97
406 102
406 103
406 105
406 106
406 107
401 107
394 107
393 107
388 106
378 106
375 106
375 102
375 97
376 84
388 84
390 84
391 84
394 84
403 84
405 84
TYPE datahaven_all
NAME Stamford
REGIONS 1
VERTICES 58
166 292
166 293
168 295
168 296
169 298
170 298
170 299
170 300
172 306
172 307
172 308
175 308
175 309
174 309
174 310
174 311
173 312
173 313
173 314
173 315
173 316
173 317
174 318
174 320
175 321
175 322
176 324
177 324
173 326
173 328
172 330
170 331
170 330
170 328
169 327
169 328
166 329
166 328
165 327
164 326
164 324
164 322
163 321
163 320
162 318
158 312
158 311
156 309
155 307
154 304
153 303
151 300
152 300
158 296
159 296
160 295
161 294
164 293
TYPE datahaven_all
NAME Sterling
REGIONS 1
VERTICES 10
478 149
487 147
487 148
487 159
487 166
488 176
487 180
475 179
476 168
477 161
TYPE datahaven_all
NAME Stonington
REGIONS 1
VERTICES 64
459 230
462 231
468 233
472 234
475 236
477 236
477 237
478 239
478 240
478 241
479 242
479 243
479 244
479 245
479 246
480 250
480 252
479 253
478 254
477 255
476 255
474 257
473 255
472 255
470 254
469 254
468 254
466 254
465 255
464 255
463 254
460 253
459 253
457 255
456 256
454 257
453 255
452 255
453 255
453 254
453 253
454 252
454 251
454 249
455 248
455 246
455 245
455 244
455 243
456 242
456 241
456 240
456 239
456 238
455 237
455 236
456 236
456 235
457 235
457 234
458 233
458 232
459 232
459 231
TYPE datahaven_all
NAME Stratford
REGIONS 1
VERTICES 62
241 273
244 272
245 271
246 271
247 270
248 271
247 271
248 271
248 272
249 272
249 273
250 273
251 273
251 274
250 276
248 277
248 278
247 280
247 281
247 282
247 283
247 285
247 286
247 287
246 289
245 290
245 292
245 293
246 294
247 294
247 295
247 297
247 298
247 299
246 299
243 300
242 299
237 297
237 295
238 293
238 292
239 292
239 291
239 290
238 289
239 289
239 288
238 287
238 285
237 283
237 282
237 281
238 281
238 280
239 280
239 279
240 278
241 278
241 277
241 276
240 275
240 274
TYPE datahaven_all
NAME Suffield
REGIONS 1
VERTICES 44
338 86
339 89
338 92
339 95
338 98
338 101
337 102
337 103
337 106
334 106
333 106
327 105
324 105
321 105
321 104
320 104
318 104
320 99
320 98
318 98
310 96
307 95
308 92
309 91
309 90
310 90
310 89
310 88
310 87
311 87
312 86
312 85
312 84
311 84
311 83
312 83
319 83
322 83
323 83
324 83
326 84
332 84
336 84
338 85
TYPE datahaven_all
NAME Thomaston
REGIONS 1
VERTICES 37
255 164
256 163
257 163
256 170
256 172
255 175
255 180
258 187
256 188
256 186
256 185
255 185
254 184
254 183
253 182
252 181
252 180
252 179
252 178
250 177
249 176
248 176
246 176
246 175
245 175
244 174
243 175
242 174
241 173
241 172
242 172
246 169
247 169
247 168
248 168
251 166
254 164
TYPE datahaven_all
NAME Thompson
REGIONS 1
VERTICES 21
485 90
485 96
485 98
486 104
486 108
486 109
476 109
473 109
471 109
468 109
466 109
464 109
461 109
458 94
456 86
463 86
464 86
469 86
470 86
474 86
485 86
TYPE datahaven_all
NAME Tolland
REGIONS 1
VERTICES 41
371 118
370 113
371 113
374 112
378 112
380 111
388 110
393 109
393 110
394 111
394 112
395 112
395 113
395 114
396 115
396 117
395 118
394 118
394 119
394 120
393 121
393 122
392 123
392 124
393 126
393 127
394 128
393 128
393 129
392 129
393 130
393 131
392 132
389 132
388 133
380 134
372 135
371 128
371 125
371 123
371 119
TYPE datahaven_all
NAME Torrington
REGIONS 1
VERTICES 34
255 120
257 120
256 125
254 134
254 135
254 136
253 141
252 141
248 141
248 142
247 143
246 145
245 146
245 147
243 146
239 145
238 145
237 143
235 143
234 143
231 143
230 143
232 134
236 118
238 118
238 119
239 120
239 121
239 123
241 123
242 123
248 122
253 121
254 120
TYPE datahaven_all
NAME Trumbull
REGIONS 1
VERTICES 52
229 263
231 264
232 266
233 267
234 269
235 270
237 270
238 270
240 272
240 273
240 274
240 275
241 276
241 277
241 278
240 278
239 279
239 280
238 280
236 281
234 281
234 282
233 282
232 281
231 280
230 280
229 280
228 280
227 280
226 280
225 280
224 280
223 280
222 280
222 279
223 278
224 278
224 277
223 276
222 275
222 274
220 272
217 268
217 267
217 265
217 264
219 264
220 264
221 264
224 263
225 263
226 263
TYPE datahaven_all
NAME Union
REGIONS 1
VERTICES 13
424 85
430 85
431 100
431 102
426 102
421 102
418 102
413 102
409 102
406 102
408 97
410 92
411 84
TYPE datahaven_all
NAME Vernon
REGIONS 1
VERTICES 27
371 123
371 125
371 128
372 135
373 139
371 140
367 140
366 141
363 141
362 138
360 138
358 138
357 139
356 139
357 137
357 136
357 135
357 133
358 129
358 128
358 126
359 125
360 125
361 125
364 124
367 123
369 123
TYPE datahaven_all
NAME Voluntown
REGIONS 1
VERTICES 11
475 179
487 180
487 191
487 197
486 213
474 210
472 196
472 195
470 184
470 182
470 180
TYPE datahaven_all
NAME Wallingford
REGIONS 1
VERTICES 47
307 215
308 215
309 215
310 215
313 215
313 218
315 218
315 221
314 229
313 233
308 235
307 235
306 236
305 237
303 237
301 238
300 238
298 239
298 238
298 233
298 232
297 233
297 232
296 232
295 232
294 232
294 231
294 230
289 228
287 227
288 225
289 225
289 224
290 222
291 219
293 217
294 216
295 213
294 212
294 211
294 210
296 211
298 211
299 212
300 212
303 213
304 213
TYPE datahaven_all
NAME Warren
REGIONS 1
VERTICES 23
212 146
213 148
213 149
213 150
213 156
213 157
213 158
213 159
213 160
213 161
213 162
213 163
211 164
209 165
204 166
198 166
197 163
194 157
194 156
194 155
194 152
195 151
196 146
TYPE datahaven_all
NAME Washington
REGIONS 1
VERTICES 28
213 163
214 164
217 167
219 169
219 172
219 174
220 178
220 186
221 189
218 189
216 189
210 190
206 191
203 191
203 189
202 184
202 182
201 178
199 176
198 176
198 175
197 172
197 169
197 166
198 166
204 166
209 165
211 164
TYPE datahaven_all
NAME Waterbury
REGIONS 1
VERTICES 52
260 186
261 186
263 186
264 189
264 190
264 192
265 194
266 196
267 197
268 198
270 200
270 201
271 201
272 201
273 201
275 201
274 202
274 203
273 205
272 206
272 207
271 206
270 206
268 207
267 208
266 208
263 209
262 210
258 210
257 210
256 211
255 211
254 211
253 208
252 206
251 205
251 204
250 201
250 197
250 196
251 195
251 194
252 193
253 193
255 193
256 193
256 192
256 191
256 190
256 189
256 188
258 187
TYPE datahaven_all
NAME Waterford
REGIONS 1
VERTICES 55
431 232
432 235
432 236
431 236
431 238
431 239
432 240
432 241
432 242
430 242
429 243
427 244
427 245
426 245
426 246
425 247
425 249
427 250
427 251
428 252
428 253
429 255
429 257
430 257
429 258
430 258
430 259
430 260
430 261
428 263
426 263
424 263
421 261
419 260
417 258
416 257
417 257
416 256
416 254
416 252
415 252
414 251
415 251
414 249
414 248
414 246
414 245
414 244
409 236
412 235
418 234
421 233
425 233
427 232
429 232
TYPE datahaven_all
NAME Watertown
REGIONS 1
VERTICES 49
241 172
241 173
242 174
243 175
244 174
245 175
246 175
246 176
248 176
249 176
250 177
252 178
252 179
252 180
252 181
253 182
254 183
254 184
255 185
256 185
256 186
256 188
256 189
256 190
256 191
256 192
256 193
255 193
253 193
252 193
251 194
251 195
250 196
250 197
249 197
245 199
243 199
240 200
240 196
239 194
239 192
239 190
238 187
238 185
238 184
237 183
237 179
237 178
236 173
TYPE datahaven_all
NAME WestHartford
REGIONS 1
VERTICES 43
318 139
319 143
319 144
319 147
318 148
318 149
319 149
319 150
319 151
319 152
319 153
319 154
319 155
319 156
319 157
319 158
319 159
319 160
317 160
316 160
315 160
314 160
311 161
310 161
310 159
310 157
309 156
307 158
307 154
306 154
304 154
304 151
303 143
303 142
304 142
304 140
306 140
309 140
311 140
312 140
314 140
316 139
317 139
TYPE datahaven_all
NAME WestHaven
REGIONS 1
VERTICES 41
269 259
272 260
275 260
275 261
275 262
276 263
276 264
275 264
276 264
276 265
277 265
278 266
278 267
281 269
281 270
279 272
278 273
277 273
275 274
274 274
273 275
272 276
271 277
270 278
269 278
268 279
268 278
268 277
268 276
268 274
268 273
268 271
268 270
269 269
270 268
270 267
269 267
269 266
269 265
269 264
270 262
TYPE datahaven_all
NAME Westbrook
REGIONS 1
VERTICES 23
356 253
355 251
358 251
362 254
363 254
364 255
367 255
370 255
370 256
371 256
371 257
370 259
372 265
372 267
373 268
370 268
367 268
363 270
361 270
360 270
360 269
359 265
358 261
TYPE datahaven_all
NAME Weston
REGIONS 1
VERTICES 35
200 269
201 270
205 276
206 278
206 279
207 280
208 281
208 282
207 282
207 283
207 284
206 285
206 286
206 287
205 287
205 288
204 289
202 290
200 292
199 293
198 291
197 290
197 289
196 287
195 286
193 282
193 281
192 280
192 279
191 278
189 275
188 274
190 273
198 270
199 269
TYPE datahaven_all
NAME Westport
REGIONS 1
VERTICES 36
205 288
208 293
209 295
209 296
210 296
211 298
212 300
212 301
213 302
213 303
213 304
213 305
212 305
210 307
209 308
207 309
204 309
199 310
197 312
197 310
197 309
197 307
197 305
197 304
197 303
197 302
197 301
196 299
196 297
196 296
196 294
198 291
199 293
200 292
202 290
204 289
TYPE datahaven_all
NAME Wethersfield
REGIONS 1
VERTICES 45
327 159
327 158
329 158
331 159
333 159
331 160
332 162
336 162
337 164
336 165
335 165
333 166
333 167
333 168
334 168
337 168
331 169
330 169
329 170
328 170
328 171
327 172
327 173
326 173
325 173
324 172
323 172
320 173
320 172
321 172
321 171
321 170
321 168
320 166
321 166
320 166
320 165
320 163
320 161
320 159
322 159
323 159
324 159
325 159
326 159
TYPE datahaven_all
NAME Willington
REGIONS 1
VERTICES 48
409 102
409 106
409 112
409 114
409 117
409 119
409 120
409 121
409 123
409 132
402 132
400 132
399 132
392 132
393 131
393 130
392 129
393 129
393 128
394 128
393 127
393 126
392 124
392 123
393 122
393 121
394 120
394 119
394 118
395 118
396 117
396 115
395 114
395 113
395 112
394 112
394 111
393 110
393 109
393 108
393 107
394 107
401 107
406 107
406 106
406 105
406 103
406 102
TYPE datahaven_all
NAME Wilton
REGIONS 1
VERTICES 42
187 271
188 274
189 275
191 278
192 279
192 280
193 281
193 282
195 286
196 287
197 289
197 290
198 291
196 294
195 294
191 296
190 296
190 297
188 297
187 297
185 298
185 297
184 297
183 296
182 296
182 295
182 294
182 293
181 292
181 291
181 290
181 289
179 286
178 284
179 284
175 278
176 277
178 276
181 275
182 274
184 273
185 272
TYPE datahaven_all
NAME Winchester
REGIONS 1
VERTICES 22
239 102
245 102
255 101
261 100
259 107
259 109
258 114
257 120
255 120
254 120
253 121
248 122
242 123
241 123
239 123
239 121
239 120
238 119
238 118
236 118
236 116
237 113
TYPE datahaven_all
NAME Windham
REGIONS 1
VERTICES 44
420 152
421 153
427 154
428 154
427 159
427 162
427 166
427 169
427 174
427 175
426 175
422 174
421 174
420 176
415 171
413 169
410 167
410 166
409 166
405 162
404 161
404 160
403 159
404 159
407 159
409 159
411 159
413 159
413 158
414 158
414 157
413 157
413 156
414 155
414 154
414 153
415 153
415 152
416 152
417 153
418 154
418 153
419 153
420 153
TYPE datahaven_all
NAME Windsor
REGIONS 1
VERTICES 42
322 111
323 112
325 112
326 113
328 115
330 115
332 117
333 116
336 115
336 117
336 118
336 121
336 124
335 130
334 132
333 134
332 135
331 138
331 140
330 140
329 140
329 141
328 141
328 140
329 140
329 139
328 139
324 140
324 137
324 135
324 134
324 132
323 129
323 128
323 126
323 125
314 122
314 118
316 113
317 110
319 110
321 111
TYPE datahaven_all
NAME WindsorLocks
REGIONS 1
VERTICES 18
337 106
335 108
335 109
335 112
336 115
333 116
332 117
330 115
328 115
326 113
325 112
323 112
322 111
323 109
324 105
327 105
333 106
334 106
TYPE datahaven_all
NAME Wolcott
REGIONS 1
VERTICES 29
276 179
278 179
279 185
279 187
279 188
277 195
277 197
277 200
275 200
275 201
273 201
272 201
271 201
270 201
270 200
268 198
267 197
266 196
265 194
264 192
264 190
264 189
263 186
263 183
266 183
270 180
272 180
273 180
275 179
TYPE datahaven_all
NAME Woodbridge
REGIONS 1
VERTICES 42
258 239
259 240
259 239
259 240
260 240
261 240
261 241
265 241
267 241
273 240
275 240
274 241
273 244
271 247
271 248
271 250
272 251
272 252
271 253
270 253
270 254
269 255
269 256
268 257
267 257
267 259
267 260
265 260
264 260
263 260
262 260
261 259
259 259
259 258
260 256
259 255
259 254
259 252
258 251
258 250
258 248
258 243
TYPE datahaven_all
NAME Woodbury
REGIONS 1
VERTICES 29
238 187
239 190
239 192
239 194
240 196
240 200
237 200
237 203
238 206
238 208
238 210
238 211
233 211
231 212
229 212
228 212
227 212
223 211
221 211
220 211
219 202
219 201
219 200
218 190
218 189
221 189
228 188
231 187
232 187
TYPE datahaven_all
NAME Woodstock
REGIONS 1
VERTICES 20
456 86
458 94
461 109
461 110
462 112
461 112
460 112
457 113
450 113
448 113
441 113
439 113
431 113
431 112
431 102
431 100
430 85
437 85
447 85
451 85
